v
0 .43 .74
0 .35 .82
0 .57 .57
0 .90 -.55
.20 -.19 .56
.35 -.70 .57
.33 -.95 .52
0 -.98 .58
.44 -.14 .53
.83 .15 .45
.86 .43 .59
.49 .60 .69
.16 .72 .76
.13 .30 .77
.20 .09 .74
.38 .02 .70
.63 .19 .65
.64 .30 .65
.43 .44 .72
.25 .47 .76
0 -.77 .73
.12 -.84 .71
0 -.89 .69
0 -.10 .77
.13 -.23 .75
.09 -.29 .74
.40 -.05 .67
.73 .20 .60
.74 .38 .66
.44 .55 .80
.20 .62 .85
.13 -.10 .81
.25 -.70 .69
.23 -.91 .63
0 -.95 .64
.11 -.71 .73
0 -.33 .74
0 -.15 .81
.09 -.16 .81
.08 -.25 .80
0 -.29 .80
.26 -.31 .55
.18 -.31 .71
0 -.78 .66
.09 -.75 .66
.09 -.81 .64
0 -.86 .63
.27 .42 .77
.42 .40 .77
.59 .29 .69
.58 .20 .68
.38 .06 .74
.23 .11 .78
.18 .30 .78
.20 .30 .76
.24 .13 .76
.38 .09 .73
.55 .21 .67
.55 .28 .67
.41 .39 .75
.28 .40 .77
.77 .16 .38
.60 0 .41
.44 -.09 .47
0 .90 .29
0 .98 -.08
0 -.98 .46
.73 -.05 .07
.59 -.13 -.16
.25 -.50 .39
.33 -.91 .40
.22 -.28 .43
.30 -.31 -.27
.45 .87 -.38
.45 .93 -.07
.45 .85 .23
.46 .52 .43
.73 .41 .34
.80 .56 .13
.80 .62 -.12
.80 .54 -.36
.89 .41 -.23
.77 -.14 -.13
1.28 .05 -.43
1.35 .32 -.42
1.23 .51 -.42
1.19 .44 -.39
1.27 .29 -.41
1.21 .08 -.41
1.19 .09 -.45
1.23 .25 -.45
1.17 .36 -.44
.84 .29 -.21
.84 .02 -.19
.72 .04 -.19
.89 .24 -.27
.89 .23 -.32
.85 .02 -.32
1.19 .34 -.48
1.26 .24 -.49
1.21 .09 -.48
1.25 .47 -.55
1.37 .30 -.50
1.31 .05 -.53
.79 -.13 -.33
.86 .38 -.38
f
5 27 32
11 28 10
61 54 55
28 18 17
9 64 63
9 28 27
32 16 15
34 6 33
37 36 26
26 41 37
25 40 26
24 39 32
40 38 41
32 25 5
25 26 43
33 22 34
46 44 47
23 46 47
45 21 44
6 71 70
15 2 32
31 1 2
54 15 53
15 52 53
17 27 28
17 50 51
30 13 31
54 20 14
20 30 31
61 49 48
19 29 30
29 12 30
50 58 51
51 57 52
16 51 52
52 56 53
2 24 32
20 2 14
56 54 53
1 13 3
45 22 36
7 67 71
8 34 35
35 22 23
77 79 76
43 5 25
70 42 6
33 42 43
43 36 33
76 66 65
66 74 4
49 59 50
50 19 49
77 65 3
19 48 49
72 9 5
72 5 42
87 85 86
88 84 85
91 89 88
92 88 87
82 96 87
68 69 95
78 93 79
92 96 97
95 96 94
83 95 69
105 84 83
68 62 63
91 99 100
91 101 90
79 82 80
106 86 102
98 89 90
84 103 85
85 102 86
89 83 84
102 103 104
96 98 94
77 13 12
77 11 78
10 78 11
64 68 63
72 69 64
75 79 80
74 80 81
69 105 83
82 81 80
72 73 69
68 95 93
98 90 97
91 90 92
92 97 90
5 9 27
11 29 28
61 48 54
28 29 18
62 10 63
10 9 63
9 10 28
32 27 16
34 7 6
37 21 36
26 40 41
25 39 40
24 38 39
40 39 38
32 39 25
33 36 22
46 45 44
23 22 46
45 36 21
6 7 71
15 14 2
31 13 1
54 14 15
15 16 52
17 16 27
17 18 50
30 12 13
54 48 20
20 19 30
61 60 49
19 18 29
29 11 12
50 59 58
51 58 57
16 17 51
52 57 56
20 31 2
56 55 54
45 46 22
7 8 67
8 7 34
35 34 22
77 78 79
43 42 5
70 72 42
33 6 42
43 26 36
76 75 66
66 75 74
49 60 59
50 18 19
77 76 65
19 20 48
72 64 9
87 88 85
88 89 84
91 90 89
92 91 88
87 86 82
82 93 96
78 68 93
92 87 96
95 93 96
83 94 95
105 104 84
68 78 62
91 92 99
91 100 101
79 93 82
106 82 86
98 94 89
84 104 103
85 103 102
89 94 83
96 97 98
77 3 13
77 12 11
10 62 78
64 69 68
75 76 79
74 75 80
82 106 81
72 70 73