v
.44 .16 .77
.50 .09 .69
.55 .05 .58
.35 -.02 .62
.35 .03 .72
.35 .13 .78
.27 .16 .80
.20 .09 .74
.16 .05 .65
.08 .24 .66
.14 .24 .74
.24 .24 .80
.27 .33 .80
.20 .39 .74
.16 .44 .65
.35 .52 .62
.35 .45 .72
.35 .36 .78
.44 .33 .77
.50 .39 .69
.55 .44 .58
.63 .24 .56
.56 .24 .67
.47 .24 .76
.48 .24 .77
.45 .34 .78
.35 .38 .80
.27 .34 .82
.23 .24 .82
.27 .16 .82
.35 .24 .83
.35 .12 .80
.45 .16 .78
0 .43 .74
0 .35 .82
0 -.68 .73
0 -.32 .78
0 -.19 .80
0 -.77 .72
0 .41 .60
0 .57 .57
0 .90 -.55
0 .56 -.85
0 .07 -.83
0 -.38 -.35
.20 -.19 .56
.31 -.44 .57
.35 -.70 .57
.37 -.89 .53
.33 -.95 .52
.18 -.97 .55
0 -.98 .58
.44 -.14 .53
.63 -.04 .54
.83 .15 .45
.86 .43 .59
.71 .48 .63
.49 .60 .69
.32 .76 .73
.16 .72 .76
.06 .49 .75
.16 .41 .77
.13 .30 .77
.20 .09 .74
.38 .02 .70
.49 .06 .67
.63 .19 .65
.64 .30 .65
.60 .38 .66
.43 .44 .72
.25 .47 .76
0 -.77 .73
.11 -.72 .73
.12 -.84 .71
.06 -.88 .70
0 -.89 .69
0 -.20 .75
0 -.14 .74
.10 -.15 .74
.13 -.23 .75
.09 -.29 .74
.40 -.05 .67
.62 .05 .63
.73 .20 .60
.74 .38 .66
.69 .41 .73
.44 .55 .80
.31 .64 .84
.20 .62 .85
.10 .43 .84
.13 -.10 .81
.21 -.45 .71
.25 -.70 .69
.27 -.82 .66
.23 -.91 .63
.16 -.93 .63
0 -.95 .64
0 .05 .73
0 .21 .77
.33 .48 .74
.16 .14 .75
.13 .21 .76
.12 -.69 .73
.08 -.45 .75
0 -.45 .75
0 -.33 .74
.09 -.27 .78
.13 -.23 .80
.11 -.13 .78
.04 -.13 .78
0 -.20 .83
.05 -.15 .81
.09 -.16 .81
.11 -.23 .83
.08 -.25 .80
0 -.29 .80
.26 -.31 .55
.16 -.24 .71
.18 -.31 .71
.23 -.25 .55
0 -.88 .69
.05 -.87 .69
.09 -.82 .71
.09 -.74 .73
0 -.78 .66
.09 -.75 .66
.09 -.81 .64
.05 -.85 .63
0 -.86 .63
.17 .22 .78
.19 .16 .77
.34 .43 .76
.27 .42 .77
.42 .40 .77
.56 .35 .70
.59 .29 .69
.58 .20 .68
.48 .10 .72
.38 .06 .74
.23 .11 .78
.18 .30 .78
.21 .38 .78
.23 .36 .76
.20 .30 .76
.24 .13 .76
.38 .09 .73
.46 .12 .70
.55 .21 .67
.55 .28 .67
.53 .34 .68
.41 .39 .75
.28 .40 .77
.34 .41 .75
.20 .17 .75
.20 .23 .75
.11 .46 .61
.20 .66 .62
.34 .69 .59
.48 .55 .55
.68 .45 .49
.80 .41 .46
.77 .16 .38
.60 0 .41
.44 -.09 .47
0 .90 .29
0 .98 -.08
0 -.20 -.67
0 -.46 .19
0 -.98 .46
0 -.80 .34
0 -.57 .32
0 -.48 .28
.85 .23 .05
.86 .32 -.05
.77 .27 -.44
.46 .44 -.70
.73 -.05 .07
.59 -.13 -.16
.64 -.01 -.43
.34 .05 -.66
.23 -.35 .41
.18 -.41 .26
.29 -.71 .38
.25 -.50 .39
.33 -.91 .40
.14 -.76 .37
.13 -.54 .36
.16 -.95 .44
.22 -.28 .43
.21 -.23 .47
.20 -.17 .50
.21 -.39 .16
.30 -.31 -.27
.34 -.15 -.54
.45 .87 -.38
.45 .93 -.07
.45 .85 .23
.46 .52 .43
.73 .41 .34
.63 .45 .28
.64 .70 .05
.80 .56 .13
.80 .62 -.12
.64 .75 -.20
.64 .68 -.45
.80 .54 -.36
.62 .33 -.59
.48 .02 -.55
.82 .33 -.20
.41 -.17 .15
.43 -.20 -.21
.89 .41 -.23
.77 -.14 -.13
1.04 -.10 -.33
1.28 .05 -.43
1.35 .32 -.42
1.23 .51 -.42
1.02 .48 -.31
1.02 .41 -.29
1.19 .44 -.39
1.27 .29 -.41
1.21 .08 -.41
1.03 -.04 -.30
.83 -.07 -.13
.92 .36 -.22
.95 .30 -.29
.88 -.02 -.21
1.04 0 -.37
1.19 .09 -.45
1.23 .25 -.45
1.17 .36 -.44
1.02 .34 -.36
.84 .29 -.21
.84 .17 -.27
.76 .09 -.27
.81 -.02 -.27
.73 0 -.07
.72 -.02 -.17
.72 .04 -.19
.80 .20 -.21
.89 .24 -.27
1.02 .44 -.48
1.25 .47 -.55
1.37 .30 -.50
1.31 .05 -.53
1.04 -.09 -.49
.79 -.13 -.33
.86 .38 -.38
f
24 1 2
23 2 3
2 5 4
1 6 5
6 7 8
5 8 9
8 11 10
7 12 11
12 13 14
11 14 15
14 17 16
13 18 17
18 19 20
17 20 21
20 23 22
19 24 23
24 19 26
19 18 27
18 13 28
13 12 29
12 7 30
7 6 32
6 1 33
1 24 25
31 33 25
32 33 31
31 30 32
31 29 30
31 28 29
31 27 28
31 26 27
31 25 26
51 96 97
50 95 96
49 94 95
48 93 94
47 92 93
46 53 82
53 54 83
54 55 84
55 56 85
56 57 86
57 58 87
58 59 88
59 60 89
60 61 90
61 34 35
62 71 89
71 100 88
70 87 88
69 86 87
68 85 86
67 84 85
66 83 84
65 82 83
64 91 82
64 101 98
62 90 35
63 35 99
98 101 102
75 76 97
74 75 96
73 74 95
92 104 103
73 94 93
81 106 105
103 104 105
72 73 103
80 108 107
79 109 108
78 110 109
77 38 110
106 81 107
37 107 115
38 111 112
110 112 113
109 113 114
108 114 115
111 114 113
111 116 115
78 79 91
79 80 118
80 81 119
81 104 92
47 117 119
117 120 118
46 91 118
73 72 39
74 73 124
75 74 123
76 75 122
121 122 128
122 123 127
123 124 126
124 39 125
125 129 128
126 128 127
102 101 131
63 102 130
62 63 141
101 64 140
64 65 139
65 66 138
66 67 137
67 68 136
68 69 135
69 70 134
70 100 132
100 71 133
71 62 142
133 142 143
132 133 152
134 132 153
135 134 151
136 135 150
137 136 149
138 137 148
139 138 147
140 139 146
131 140 145
142 141 144
141 130 155
130 131 154
34 61 156
61 60 157
60 59 158
59 58 159
58 57 160
57 56 161
56 55 162
55 54 163
54 53 164
171 172 182
170 171 187
169 170 186
51 52 169
50 51 188
49 50 185
48 49 183
183 186 187
183 185 188
181 184 187
47 48 184
117 189 190
47 181 189
46 120 190
46 191 164
44 180 194
167 194 193
45 193 192
168 192 182
181 182 192
162 163 177
43 176 180
165 197 196
166 196 195
42 195 176
160 161 199
200 199 202
201 202 203
204 203 206
175 207 205
176 195 205
195 196 204
196 197 201
197 198 200
159 160 200
41 198 197
156 157 158
156 159 198
40 156 41
161 162 173
173 174 202
174 209 203
175 206 203
192 193 211
177 210 211
163 164 210
164 190 189
189 192 210
164 191 190
175 179 208
176 207 208
178 211 208
193 194 208
180 208 194
218 212 225
218 219 220
217 220 221
216 221 222
215 222 223
214 223 224
223 228 227
222 229 228
221 230 229
220 231 230
219 232 231
219 225 226
177 178 238
178 213 224
173 177 237
209 233 225
224 227 236
234 240 239
233 240 234
225 233 241
174 240 233
174 237 239
237 238 239
238 236 235
214 213 247
215 214 246
216 215 245
217 216 244
218 217 243
212 218 242
242 246 247
242 243 245
243 244 245
175 209 212
175 248 247
178 179 247