v
.44 .16 .77
.50 .09 .69
.55 .05 .58
.35 -.02 .62
.35 .03 .72
.35 .13 .78
.27 .16 .80
.20 .09 .74
.16 .05 .65
.08 .24 .66
.14 .24 .74
.24 .24 .80
.27 .33 .80
.20 .39 .74
.16 .44 .65
.35 .52 .62
.35 .45 .72
.35 .36 .78
.44 .33 .77
.50 .39 .69
.55 .44 .58
.63 .24 .56
.56 .24 .67
.47 .24 .76
.48 .24 .77
.45 .34 .78
.35 .38 .80
.27 .34 .82
.23 .24 .82
.27 .16 .82
.35 .24 .83
.35 .12 .80
.45 .16 .78
0 .43 .74
0 .35 .82
0 -.68 .73
0 -.32 .78
0 -.19 .80
0 -.77 .72
0 .41 .60
0 .57 .57
0 .90 -.55
0 .56 -.85
0 .07 -.83
0 -.38 -.35
.20 -.19 .56
.31 -.44 .57
.35 -.70 .57
.37 -.89 .53
.33 -.95 .52
.18 -.97 .55
0 -.98 .58
.44 -.14 .53
.63 -.04 .54
.83 .15 .45
.86 .43 .59
.71 .48 .63
.49 .60 .69
.32 .76 .73
.16 .72 .76
.06 .49 .75
.16 .41 .77
.13 .30 .77
.20 .09 .74
.38 .02 .70
.49 .06 .67
.63 .19 .65
.64 .30 .65
.60 .38 .66
.43 .44 .72
.25 .47 .76
0 -.77 .73
.11 -.72 .73
.12 -.84 .71
.06 -.88 .70
0 -.89 .69
0 -.20 .75
0 -.14 .74
.10 -.15 .74
.13 -.23 .75
.09 -.29 .74
.40 -.05 .67
.62 .05 .63
.73 .20 .60
.74 .38 .66
.69 .41 .73
.44 .55 .80
.31 .64 .84
.20 .62 .85
.10 .43 .84
.13 -.10 .81
.21 -.45 .71
.25 -.70 .69
.27 -.82 .66
.23 -.91 .63
.16 -.93 .63
0 -.95 .64
0 .05 .73
0 .21 .77
.33 .48 .74
.16 .14 .75
.13 .21 .76
.12 -.69 .73
.08 -.45 .75
0 -.45 .75
0 -.33 .74
.09 -.27 .78
.13 -.23 .80
.11 -.13 .78
.04 -.13 .78
0 -.20 .83
.05 -.15 .81
.09 -.16 .81
.11 -.23 .83
.08 -.25 .80
0 -.29 .80
.26 -.31 .55
.16 -.24 .71
.18 -.31 .71
.23 -.25 .55
0 -.88 .69
.05 -.87 .69
.09 -.82 .71
.09 -.74 .73
0 -.78 .66
.09 -.75 .66
.09 -.81 .64
.05 -.85 .63
0 -.86 .63
.17 .22 .78
.19 .16 .77
.34 .43 .76
.27 .42 .77
.42 .40 .77
.56 .35 .70
.59 .29 .69
.58 .20 .68
.48 .10 .72
.38 .06 .74
.23 .11 .78
.18 .30 .78
.21 .38 .78
.23 .36 .76
.20 .30 .76
.24 .13 .76
.38 .09 .73
.46 .12 .70
.55 .21 .67
.55 .28 .67
.53 .34 .68
.41 .39 .75
.28 .40 .77
.34 .41 .75
.20 .17 .75
.20 .23 .75
.11 .46 .61
.20 .66 .62
.34 .69 .59
.48 .55 .55
.68 .45 .49
.80 .41 .46
.77 .16 .38
.60 0 .41
.44 -.09 .47
0 .90 .29
0 .98 -.08
0 -.20 -.67
0 -.46 .19
0 -.98 .46
0 -.80 .34
0 -.57 .32
0 -.48 .28
.85 .23 .05
.86 .32 -.05
.77 .27 -.44
.46 .44 -.70
.73 -.05 .07
.59 -.13 -.16
.64 -.01 -.43
.34 .05 -.66
.23 -.35 .41
.18 -.41 .26
.29 -.71 .38
.25 -.50 .39
.33 -.91 .40
.14 -.76 .37
.13 -.54 .36
.16 -.95 .44
.22 -.28 .43
.21 -.23 .47
.20 -.17 .50
.21 -.39 .16
.30 -.31 -.27
.34 -.15 -.54
.45 .87 -.38
.45 .93 -.07
.45 .85 .23
.46 .52 .43
.73 .41 .34
.63 .45 .28
.64 .70 .05
.80 .56 .13
.80 .62 -.12
.64 .75 -.20
.64 .68 -.45
.80 .54 -.36
.62 .33 -.59
.48 .02 -.55
.82 .33 -.20
.41 -.17 .15
.43 -.20 -.21
.89 .41 -.23
.77 -.14 -.13
1.04 -.10 -.33
1.28 .05 -.43
1.35 .32 -.42
1.23 .51 -.42
1.02 .48 -.31
1.02 .41 -.29
1.19 .44 -.39
1.27 .29 -.41
1.21 .08 -.41
1.03 -.04 -.30
.83 -.07 -.13
.92 .36 -.22
.95 .30 -.29
.88 -.02 -.21
1.04 0 -.37
1.19 .09 -.45
1.23 .25 -.45
1.17 .36 -.44
1.02 .34 -.36
.84 .29 -.21
.84 .17 -.27
.76 .09 -.27
.81 -.02 -.27
.73 0 -.07
.72 -.02 -.17
.72 .04 -.19
.80 .20 -.21
.89 .24 -.27
1.02 .44 -.48
1.25 .47 -.55
1.37 .30 -.50
1.31 .05 -.53
1.04 -.09 -.49
.79 -.13 -.33
.86 .38 -.38
f
24 2 23
23 3 22
2 4 3
1 5 2
6 8 5
5 9 4
11 9 8
7 11 8
12 14 11
14 10 11
17 15 14
18 14 13
19 17 18
20 16 17
23 21 20
24 20 19
19 25 24
18 26 19
13 27 18
12 28 13
12 30 29
7 32 30
6 33 32
1 25 33
31 33 25
32 33 31
31 30 32
31 29 30
31 28 29
31 27 28
31 26 27
31 25 26
96 52 51
95 51 50
49 95 50
48 94 49
47 93 48
46 82 91
54 82 53
54 84 83
56 84 55
57 85 56
58 86 57
58 88 87
60 88 59
61 89 60
34 90 61
71 90 62
71 88 89
87 100 70
86 70 69
85 69 68
84 68 67
83 67 66
82 66 65
91 65 64
64 98 91
90 63 62
63 99 102
101 99 98
75 97 96
74 96 95
74 94 73
92 103 93
73 93 103
106 104 81
104 36 103
73 36 72
80 107 81
79 108 80
110 79 78
38 78 77
81 37 106
107 116 37
38 112 110
110 113 109
113 108 109
108 115 107
114 112 111
111 115 114
78 91 98
79 118 91
81 118 80
104 119 81
117 92 47
120 119 117
46 118 120
72 124 73
74 124 123
75 123 122
76 122 121
122 129 121
122 127 128
123 126 127
39 126 124
125 128 126
126 128 127
102 131 130
63 130 141
63 142 62
64 131 101
64 139 140
65 138 139
66 137 138
67 136 137
69 136 68
70 135 69
70 132 134
100 133 132
71 142 133
142 152 133
132 152 153
132 151 134
134 150 135
136 150 149
136 148 137
138 148 147
138 146 139
139 145 140
131 145 154
142 144 143
141 155 144
130 154 155
34 156 40
61 157 156
59 157 60
58 158 59
57 159 58
57 161 160
55 161 56
55 163 162
54 164 163
172 187 171
171 186 170
170 188 169
51 169 188
50 188 185
49 185 183
48 183 184
183 187 184
185 186 183
184 182 181
47 184 181
189 120 117
181 117 47
120 191 46
191 53 46
180 167 44
194 45 167
45 192 168
168 182 172
182 189 181
162 177 173
176 44 43
197 166 165
166 195 42
42 176 43
160 199 200
200 202 201
201 203 204
204 206 205
207 206 175
176 205 207
195 204 205
196 201 204
197 200 201
160 198 159
198 165 41
156 158 159
156 198 41
40 156 41
162 199 161
173 202 199
174 203 202
206 209 175
193 210 192
210 178 177
163 210 177
164 189 210
189 192 210
164 191 190
179 207 175
207 180 176
211 179 178
194 211 193
180 208 194
212 219 218
218 220 217
220 216 217
221 215 216
222 214 215
214 224 213
223 227 224
222 228 223
230 222 221
231 221 220
232 220 219
219 226 232
178 237 177
213 238 178
173 237 174
209 225 212
224 236 238
240 235 234
240 241 233
233 226 225
174 233 209
237 240 174
237 238 239
236 239 238
214 247 246
215 246 245
215 244 216
216 243 217
217 242 218
218 248 212
246 248 242
242 245 246
243 244 245
209 248 175
175 247 179
178 247 213
24 1 2
23 2 3
2 5 4
1 6 5
6 7 8
5 8 9
11 10 9
7 12 11
12 13 14
14 15 10
17 16 15
18 17 14
19 20 17
20 21 16
23 22 21
24 23 20
19 26 25
18 27 26
13 28 27
12 29 28
12 7 30
7 6 32
6 1 33
1 24 25
96 97 52
95 96 51
49 94 95
48 93 94
47 92 93
46 53 82
54 83 82
54 55 84
56 85 84
57 86 85
58 87 86
58 59 88
60 89 88
61 90 89
34 35 90
71 89 90
71 100 88
87 88 100
86 87 70
85 86 69
84 85 68
83 84 67
82 83 66
91 82 65
64 101 98
90 35 63
63 35 99
101 102 99
75 76 97
74 75 96
74 95 94
92 104 103
73 94 93
106 105 104
104 105 36
73 103 36
80 108 107
79 109 108
110 109 79
38 110 78
81 107 37
107 115 116
38 111 112
110 112 113
113 114 108
108 114 115
114 113 112
111 116 115
78 79 91
79 80 118
81 119 118
104 92 119
117 119 92
120 118 119
46 91 118
72 39 124
74 73 124
75 74 123
76 75 122
122 128 129
122 123 127
123 124 126
39 125 126
125 129 128
102 101 131
63 102 130
63 141 142
64 140 131
64 65 139
65 66 138
66 67 137
67 68 136
69 135 136
70 134 135
70 100 132
100 71 133
71 62 142
142 143 152
132 133 152
132 153 151
134 151 150
136 135 150
136 149 148
138 137 148
138 147 146
139 146 145
131 140 145
142 141 144
141 130 155
130 131 154
34 61 156
61 60 157
59 158 157
58 159 158
57 160 159
57 56 161
55 162 161
55 54 163
54 53 164
172 182 187
171 187 186
170 186 188
51 52 169
50 51 188
49 50 185
48 49 183
183 186 187
185 188 186
184 187 182
47 48 184
189 190 120
181 189 117
120 190 191
191 164 53
180 194 167
194 193 45
45 193 192
168 192 182
182 192 189
162 163 177
176 180 44
197 196 166
166 196 195
42 195 176
160 161 199
200 199 202
201 202 203
204 203 206
207 205 206
176 195 205
195 196 204
196 197 201
197 198 200
160 200 198
198 197 165
156 157 158
156 159 198
162 173 199
173 174 202
174 209 203
206 203 209
193 211 210
210 211 178
163 164 210
164 190 189
179 208 207
207 208 180
211 208 179
194 208 211
212 225 219
218 219 220
220 221 216
221 222 215
222 223 214
214 223 224
223 228 227
222 229 228
230 229 222
231 230 221
232 231 220
219 225 226
178 238 237
213 224 238
173 177 237
209 233 225
224 227 236
240 239 235
240 234 241
233 241 226
174 240 233
237 239 240
236 235 239
214 213 247
215 214 246
215 245 244
216 244 243
217 243 242
218 242 248
246 247 248
242 243 245
209 212 248
175 248 247
178 179 247