v
0 .43 .74
0 .35 .82
0 .57 .57
0 .90 -.55
0 .56 -.85
0 .07 -.83
0 -.38 -.35
.20 -.19 .56
.35 -.70 .57
.33 -.95 .52
0 -.98 .58
.44 -.14 .53
.83 .15 .45
.86 .43 .59
.49 .60 .69
.16 .72 .76
.13 .30 .77
.20 .09 .74
.38 .02 .70
.63 .19 .65
.64 .30 .65
.43 .44 .72
.25 .47 .76
0 -.77 .73
.12 -.84 .71
0 -.89 .69
0 -.10 .77
.13 -.23 .75
.09 -.29 .74
.40 -.05 .67
.73 .20 .60
.74 .38 .66
.44 .55 .80
.20 .62 .85
.13 -.10 .81
.25 -.70 .69
.23 -.91 .63
0 -.95 .64
.11 -.71 .73
0 -.33 .74
0 -.15 .81
.09 -.16 .81
.08 -.25 .80
0 -.29 .80
.26 -.31 .55
.18 -.31 .71
0 -.78 .66
.09 -.75 .66
.09 -.81 .64
0 -.86 .63
.27 .42 .77
.42 .40 .77
.59 .29 .69
.58 .20 .68
.38 .06 .74
.23 .11 .78
.18 .30 .78
.20 .30 .76
.24 .13 .76
.38 .09 .73
.55 .21 .67
.55 .28 .67
.41 .39 .75
.28 .40 .77
.77 .16 .38
.60 0 .41
.44 -.09 .47
0 .90 .29
0 .98 -.08
0 -.98 .46
0 -.57 .32
.77 .27 -.44
.46 .44 -.70
.73 -.05 .07
.59 -.13 -.16
.34 .05 -.66
.25 -.50 .39
.33 -.91 .40
.22 -.28 .43
.30 -.31 -.27
.45 .87 -.38
.45 .93 -.07
.45 .85 .23
.46 .52 .43
.73 .41 .34
.80 .56 .13
.80 .62 -.12
.80 .54 -.36
.89 .41 -.23
.77 -.14 -.13
1.28 .05 -.43
1.35 .32 -.42
1.23 .51 -.42
1.19 .44 -.39
1.27 .29 -.41
1.21 .08 -.41
1.19 .09 -.45
1.23 .25 -.45
1.17 .36 -.44
.84 .29 -.21
.84 .02 -.19
.72 .04 -.19
.89 .24 -.27
.89 .23 -.32
.85 .02 -.32
1.19 .34 -.48
1.26 .24 -.49
1.21 .09 -.48
1.25 .47 -.55
1.37 .30 -.50
1.31 .05 -.53
.79 -.13 -.33
.86 .38 -.38
f
8 30 35
14 31 13
64 57 58
31 21 20
12 67 66
12 31 30
35 19 18
37 9 36
40 39 29
29 44 40
28 43 29
27 42 35
43 41 44
35 28 8
28 29 46
71 78 70
36 25 37
49 47 50
26 49 50
48 24 47
9 78 77
18 2 35
34 1 2
57 18 56
18 55 56
20 30 31
20 53 54
33 16 34
57 23 17
23 33 34
64 52 51
22 32 33
32 15 33
53 61 54
54 60 55
19 54 55
55 59 56
2 27 35
23 2 17
59 57 56
1 16 3
48 25 39
10 70 78
11 37 38
38 25 26
84 86 83
46 8 28
71 80 77
77 45 9
36 45 46
46 39 36
73 6 5
83 69 68
69 81 4
4 73 5
52 62 53
53 22 52
84 68 3
22 51 52
79 12 8
79 8 45
94 92 93
95 91 92
111 113 109
98 96 95
99 95 94
89 103 94
74 75 102
85 100 86
99 103 104
102 103 101
90 102 75
112 91 90
74 65 66
98 106 107
98 108 97
86 89 87
113 93 109
105 96 97
91 110 92
92 109 93
96 90 91
109 110 111
112 72 113
76 7 6
103 105 101
84 16 15
84 14 85
13 85 14
67 74 66
79 75 67
76 75 80
82 86 87
81 87 88
73 81 88
73 72 76
75 112 90
89 88 87
72 88 113
79 80 75
74 102 100
105 97 104
98 97 99
99 104 97
8 12 30
14 32 31
64 51 57
31 32 21
65 13 66
13 12 66
12 13 31
35 30 19
37 10 9
40 24 39
29 43 44
28 42 43
27 41 42
43 42 41
35 42 28
71 77 78
36 39 25
49 48 47
26 25 49
48 39 24
9 10 78
18 17 2
34 16 1
57 17 18
18 19 55
20 19 30
20 21 53
33 15 16
57 51 23
23 22 33
64 63 52
22 21 32
32 14 15
53 62 61
54 61 60
19 20 54
55 60 59
23 34 2
59 58 57
48 49 25
10 11 70
11 10 37
38 37 25
84 85 86
46 45 8
71 7 80
77 79 45
36 9 45
46 29 39
73 76 6
83 82 69
69 82 81
4 81 73
52 63 62
53 21 22
84 83 68
22 23 51
79 67 12
94 95 92
95 96 91
111 112 113
98 97 96
99 98 95
94 93 89
89 100 103
85 74 100
99 94 103
102 100 103
90 101 102
112 111 91
74 85 65
98 99 106
98 107 108
86 100 89
113 89 93
105 101 96
91 111 110
92 110 109
96 101 90
112 75 72
76 80 7
103 104 105
84 3 16
84 15 14
13 65 85
67 75 74
76 72 75
82 83 86
81 82 87
73 88 72
89 113 88
79 77 80