v
.44 .16 .77
.50 .09 .69
.55 .05 .58
.35 -.02 .62
.35 .03 .72
.35 .13 .78
.27 .16 .80
.20 .09 .74
.16 .05 .65
.08 .24 .66
.14 .24 .74
.24 .24 .80
.27 .33 .80
.20 .39 .74
.16 .44 .65
.35 .52 .62
.35 .45 .72
.35 .36 .78
.44 .33 .77
.50 .39 .69
.55 .44 .58
.63 .24 .56
.56 .24 .67
.47 .24 .76
.48 .24 .77
.45 .34 .78
.35 .38 .80
.27 .34 .82
.23 .24 .82
.27 .16 .82
.35 .24 .83
.35 .12 .80
.45 .16 .78
0 .43 .74
0 .35 .82
0 -.68 .73
0 -.32 .78
0 -.19 .80
0 -.77 .72
0 .41 .60
0 .57 .57
.20 -.19 .56
.31 -.44 .57
.35 -.70 .57
.37 -.89 .53
.33 -.95 .52
.18 -.97 .55
0 -.98 .58
.44 -.14 .53
.63 -.04 .54
.83 .15 .45
.86 .43 .59
.71 .48 .63
.49 .60 .69
.32 .76 .73
.16 .72 .76
.06 .49 .75
.16 .41 .77
.13 .30 .77
.20 .09 .74
.38 .02 .70
.49 .06 .67
.63 .19 .65
.64 .30 .65
.60 .38 .66
.43 .44 .72
.25 .47 .76
0 -.77 .73
.11 -.72 .73
.12 -.84 .71
.06 -.88 .70
0 -.89 .69
0 -.20 .75
0 -.14 .74
.10 -.15 .74
.13 -.23 .75
.09 -.29 .74
.40 -.05 .67
.62 .05 .63
.73 .20 .60
.74 .38 .66
.69 .41 .73
.44 .55 .80
.31 .64 .84
.20 .62 .85
.10 .43 .84
.13 -.10 .81
.21 -.45 .71
.25 -.70 .69
.27 -.82 .66
.23 -.91 .63
.16 -.93 .63
0 -.95 .64
0 .05 .73
0 .21 .77
.33 .48 .74
.16 .14 .75
.13 .21 .76
.12 -.69 .73
.08 -.45 .75
0 -.45 .75
0 -.33 .74
.09 -.27 .78
.13 -.23 .80
.11 -.13 .78
.04 -.13 .78
0 -.20 .83
.05 -.15 .81
.09 -.16 .81
.11 -.23 .83
.08 -.25 .80
0 -.29 .80
.26 -.31 .55
.16 -.24 .71
.18 -.31 .71
.23 -.25 .55
0 -.88 .69
.05 -.87 .69
.09 -.82 .71
.09 -.74 .73
0 -.78 .66
.09 -.75 .66
.09 -.81 .64
.05 -.85 .63
0 -.86 .63
.17 .22 .78
.19 .16 .77
.34 .43 .76
.27 .42 .77
.42 .40 .77
.56 .35 .70
.59 .29 .69
.58 .20 .68
.48 .10 .72
.38 .06 .74
.23 .11 .78
.18 .30 .78
.21 .38 .78
.23 .36 .76
.20 .30 .76
.24 .13 .76
.38 .09 .73
.46 .12 .70
.55 .21 .67
.55 .28 .67
.53 .34 .68
.41 .39 .75
.28 .40 .77
.34 .41 .75
.20 .17 .75
.20 .23 .75
.11 .46 .61
.20 .66 .62
.34 .69 .59
.48 .55 .55
.68 .45 .49
.80 .41 .46
.77 .16 .38
.60 0 .41
.44 -.09 .47
0 .90 .29
0 .98 -.08
0 -.98 .46
.85 .23 .05
.86 .32 -.05
.59 .27 -.26
.73 -.05 .07
.59 -.13 -.16
.64 -.01 -.25
.23 -.35 .41
.18 -.41 .26
.29 -.71 .38
.25 -.50 .39
.33 -.91 .40
.14 -.76 .37
.13 -.54 .36
.16 -.95 .44
.22 -.28 .43
.21 -.23 .47
.20 -.17 .50
.21 -.39 .16
.30 -.31 -.27
.45 .93 -.07
.45 .85 .23
.46 .52 .43
.73 .41 .34
.63 .45 .28
.64 .70 .05
.80 .56 .13
.80 .62 -.12
.64 .75 -.20
.82 .33 -.20
.41 -.17 .15
.43 -.20 -.21
.89 .41 -.23
.77 -.14 -.13
1.04 -.10 -.33
1.28 .05 -.43
1.35 .32 -.42
1.23 .51 -.42
1.02 .48 -.31
1.02 .41 -.29
1.19 .44 -.39
1.27 .29 -.41
1.21 .08 -.41
1.03 -.04 -.30
.83 -.07 -.13
.92 .36 -.22
.95 .30 -.29
.88 -.02 -.21
1.04 0 -.37
1.19 .09 -.45
1.23 .25 -.45
1.17 .36 -.44
1.02 .34 -.36
.84 .29 -.21
.84 .17 -.27
.76 .09 -.27
.81 -.02 -.27
.73 0 -.07
.72 -.02 -.17
.72 .04 -.19
.80 .20 -.21
.89 .24 -.27
1.02 .44 -.48
1.25 .47 -.55
1.37 .30 -.50
1.31 .05 -.53
1.04 -.09 -.49
.79 -.13 -.33
.86 .38 -.38
f
24 2 23
23 3 22
2 4 3
1 5 2
6 8 5
5 9 4
11 9 8
7 11 8
12 14 11
14 10 11
17 15 14
18 14 13
19 17 18
20 16 17
23 21 20
24 20 19
19 25 24
18 26 19
13 27 18
12 28 13
12 30 29
7 32 30
6 33 32
1 25 33
31 33 25
32 33 31
31 30 32
31 29 30
31 28 29
31 27 28
31 26 27
31 25 26
92 48 47
91 47 46
45 91 46
44 90 45
43 89 44
42 78 87
50 78 49
50 80 79
52 80 51
53 81 52
54 82 53
54 84 83
56 84 55
57 85 56
34 86 57
67 86 58
67 84 85
83 96 66
82 66 65
81 65 64
80 64 63
79 63 62
78 62 61
87 61 60
60 94 87
86 59 58
59 95 98
97 95 94
71 93 92
70 92 91
70 90 69
88 99 89
69 89 99
102 100 77
100 36 99
69 36 68
76 103 77
75 104 76
106 75 74
38 74 73
77 37 102
103 112 37
38 108 106
106 109 105
109 104 105
104 111 103
110 108 107
107 111 110
74 87 94
75 114 87
77 114 76
100 115 77
113 88 43
116 115 113
42 114 116
68 120 69
70 120 119
71 119 118
72 118 117
118 125 117
118 123 124
119 122 123
39 122 120
121 124 122
122 124 123
98 127 126
59 126 137
59 138 58
60 127 97
60 135 136
61 134 135
62 133 134
63 132 133
65 132 64
66 131 65
66 128 130
96 129 128
67 138 129
138 148 129
128 148 149
128 147 130
130 146 131
132 146 145
132 144 133
134 144 143
134 142 135
135 141 136
127 141 150
138 140 139
137 151 140
126 150 151
34 152 40
57 153 152
55 153 56
54 154 55
53 155 54
53 157 156
51 157 52
51 159 158
50 160 159
47 163 177
46 177 174
45 174 172
44 172 173
172 176 173
174 175 172
173 171 170
43 173 170
178 116 113
170 113 43
116 180 42
180 49 42
171 178 170
158 167 164
184 162 161
156 186 187
187 189 188
188 190 191
183 188 191
184 187 188
156 185 155
185 161 41
152 154 155
152 185 41
40 152 41
158 186 157
164 189 186
165 190 189
182 193 181
193 168 167
159 193 167
160 178 193
178 181 193
160 180 179
195 202 201
201 203 200
203 199 200
204 198 199
205 197 198
197 207 196
206 210 207
205 211 206
213 205 204
214 204 203
215 203 202
202 209 215
168 220 167
196 221 168
164 220 165
192 208 195
207 219 221
223 218 217
223 224 216
216 209 208
165 216 192
220 223 165
220 221 222
219 222 221
197 230 229
198 229 228
198 227 199
199 226 200
200 225 201
201 231 195
229 231 225
225 228 229
226 227 228
192 231 166
231 169 166
169 196 168
24 1 2
23 2 3
2 5 4
1 6 5
6 7 8
5 8 9
11 10 9
7 12 11
12 13 14
14 15 10
17 16 15
18 17 14
19 20 17
20 21 16
23 22 21
24 23 20
19 26 25
18 27 26
13 28 27
12 29 28
12 7 30
7 6 32
6 1 33
1 24 25
92 93 48
91 92 47
45 90 91
44 89 90
43 88 89
42 49 78
50 79 78
50 51 80
52 81 80
53 82 81
54 83 82
54 55 84
56 85 84
57 86 85
34 35 86
67 85 86
67 96 84
83 84 96
82 83 66
81 82 65
80 81 64
79 80 63
78 79 62
87 78 61
60 97 94
86 35 59
59 35 95
97 98 95
71 72 93
70 71 92
70 91 90
88 100 99
69 90 89
102 101 100
100 101 36
69 99 36
76 104 103
75 105 104
106 105 75
38 106 74
77 103 37
103 111 112
38 107 108
106 108 109
109 110 104
104 110 111
110 109 108
107 112 111
74 75 87
75 76 114
77 115 114
100 88 115
113 115 88
116 114 115
42 87 114
68 39 120
70 69 120
71 70 119
72 71 118
118 124 125
118 119 123
119 120 122
39 121 122
121 125 124
98 97 127
59 98 126
59 137 138
60 136 127
60 61 135
61 62 134
62 63 133
63 64 132
65 131 132
66 130 131
66 96 128
96 67 129
67 58 138
138 139 148
128 129 148
128 149 147
130 147 146
132 131 146
132 145 144
134 133 144
134 143 142
135 142 141
127 136 141
138 137 140
137 126 151
126 127 150
34 57 152
57 56 153
55 154 153
54 155 154
53 156 155
53 52 157
51 158 157
51 50 159
50 49 160
47 48 163
46 47 177
45 46 174
44 45 172
172 175 176
174 177 175
173 176 171
43 44 173
178 179 116
170 178 113
116 179 180
180 160 49
171 181 178
158 159 167
184 183 162
156 157 186
187 186 189
188 189 190
183 184 188
184 185 187
156 187 185
185 184 161
152 153 154
152 155 185
158 164 186
164 165 189
165 192 190
182 194 193
193 194 168
159 160 193
160 179 178
195 208 202
201 202 203
203 204 199
204 205 198
205 206 197
197 206 207
206 211 210
205 212 211
213 212 205
214 213 204
215 214 203
202 208 209
168 221 220
196 207 221
164 167 220
192 216 208
207 210 219
223 222 218
223 217 224
216 224 209
165 223 216
220 222 223
219 218 222
197 196 230
198 197 229
198 228 227
199 227 226
200 226 225
201 225 231
229 230 231
225 226 228
192 195 231
231 230 169
169 230 196